1,-3.1878,55.9444,310,-3.1876071637170944,55.944170186667066,null
2,-3.1876071637170944,55.944170186667066,140,-3.18783697705003,55.94436302294997,thank.salsa.brain
3,-3.18783697705003,55.94436302294997,210,-3.1880967846711656,55.944213022949974,null
4,-3.1880967846711656,55.944213022949974,220,-3.1883265980041013,55.94402018666707,rush.crown.link
5,-3.1883265980041013,55.94402018666707,300,-3.1881765980041012,55.94376037904593,null
6,-3.1881765980041012,55.94376037904593,310,-3.1879837617211955,55.943530565713,scare.cubs.resort
7,-3.1879837617211955,55.943530565713,300,-3.1878337617211954,55.94327075809186,gums.clock.modes
8,-3.1878337617211954,55.94327075809186,30,-3.18757395410006,55.94342075809186,null
9,-3.18757395410006,55.94342075809186,40,-3.187344140767124,55.94361359437477,shut.stands.media
10,-3.187344140767124,55.94361359437477,50,-3.1871513044842184,55.9438434077077,renew.ears.tend
11,-3.1871513044842184,55.9438434077077,0,-3.186851304484218,55.9438434077077,null
12,-3.186851304484218,55.9438434077077,0,-3.186551304484218,55.9438434077077,null
13,-3.186551304484218,55.9438434077077,10,-3.186255862158314,55.943895502161006,null
14,-3.186255862158314,55.943895502161006,0,-3.185955862158314,55.943895502161006,teams.mild.played
15,-3.185955862158314,55.943895502161006,10,-3.18566041983241,55.94394759661431,manliness.poem.cliff
16,-3.18566041983241,55.94394759661431,60,-3.18551041983241,55.94420740423544,null
17,-3.18551041983241,55.94420740423544,50,-3.1853175835495042,55.94443721756838,acid.chair.butter
18,-3.1853175835495042,55.94443721756838,320,-3.1850877702165685,55.94424438128547,null
19,-3.1850877702165685,55.94424438128547,320,-3.184857956883633,55.944051545002566,null
20,-3.184857956883633,55.944051545002566,320,-3.184628143550697,55.94385870871966,rider.mile.lime
21,-3.184628143550697,55.94385870871966,260,-3.184680238003997,55.94356326639375,null
22,-3.184680238003997,55.94356326639375,260,-3.184732332457297,55.943267824067846,null
23,-3.184732332457297,55.943267824067846,270,-3.184732332457297,55.94296782406784,courier.assume.bill
24,-3.184732332457297,55.94296782406784,190,-3.185027774783201,55.94291572961454,null
25,-3.185027774783201,55.94291572961454,190,-3.185323217109105,55.94286363516124,null
26,-3.185323217109105,55.94286363516124,180,-3.185623217109105,55.94286363516124,null
27,-3.185623217109105,55.94286363516124,190,-3.185918659435009,55.942811540707936,null
28,-3.185918659435009,55.942811540707936,180,-3.186218659435009,55.942811540707936,under.retire.bump
29,-3.186218659435009,55.942811540707936,170,-3.186514101760913,55.94286363516124,null
30,-3.186514101760913,55.94286363516124,170,-3.1868095440868167,55.94291572961454,null
31,-3.1868095440868167,55.94291572961454,170,-3.1871049864127206,55.94296782406784,null
32,-3.1871049864127206,55.94296782406784,170,-3.1874004287386244,55.943019918521145,null
33,-3.1874004287386244,55.943019918521145,180,-3.1877004287386246,55.943019918521145,null
34,-3.1877004287386246,55.943019918521145,170,-3.1879958710645284,55.94307201297445,null
35,-3.1879958710645284,55.94307201297445,180,-3.1882958710645286,55.94307201297445,null
36,-3.1882958710645286,55.94307201297445,170,-3.1885913133904324,55.94312410742775,groups.ideas.script
37,-3.1885913133904324,55.94312410742775,190,-3.1888867557163363,55.94307201297445,null
38,-3.1888867557163363,55.94307201297445,190,-3.18918219804224,55.943019918521145,region.passes.pencil
39,-3.18918219804224,55.943019918521145,130,-3.189375034325146,55.94324973185408,rents.cone.stove
40,-3.189375034325146,55.94324973185408,110,-3.1894776403681435,55.94353163964032,null
41,-3.1894776403681435,55.94353163964032,120,-3.1896276403681436,55.943791447261454,burn.spot.across
42,-3.1896276403681436,55.943791447261454,120,-3.1897776403681437,55.94405125488259,cliff.asleep.wedge
43,-3.1897776403681437,55.94405125488259,350,-3.18948219804224,55.943999160429286,null
44,-3.18948219804224,55.943999160429286,350,-3.189186755716336,55.94394706597598,null
45,-3.189186755716336,55.94394706597598,0,-3.188886755716336,55.94394706597598,noted.friday.jams
46,-3.188886755716336,55.94394706597598,90,-3.188886755716336,55.944247065975986,null
47,-3.188886755716336,55.944247065975986,90,-3.188886755716336,55.94454706597599,null
48,-3.188886755716336,55.94454706597599,80,-3.188834661263036,55.944842508301896,null
49,-3.188834661263036,55.944842508301896,90,-3.188834661263036,55.9451425083019,null
50,-3.188834661263036,55.9451425083019,80,-3.188782566809736,55.945437950627806,shady.soft.phones
51,-3.188782566809736,55.945437950627806,110,-3.1888851728527334,55.945719858414044,stops.else.chats
52,-3.1888851728527334,55.945719858414044,10,-3.1885897305268296,55.94577195286735,bend.tubes.chops
53,-3.1885897305268296,55.94577195286735,80,-3.1885376360735296,55.94606739519325,boost.radar.stress
54,-3.1885376360735296,55.94606739519325,180,-3.1888376360735298,55.94606739519325,null
55,-3.1888376360735298,55.94606739519325,180,-3.18913763607353,55.94606739519325,null
56,-3.18913763607353,55.94606739519325,180,-3.18943763607353,55.94606739519325,null
57,-3.18943763607353,55.94606739519325,180,-3.1897376360735303,55.94606739519325,null
58,-3.1897376360735303,55.94606739519325,190,-3.190033078399434,55.94601530073995,love.behind.orchestra
59,-3.190033078399434,55.94601530073995,240,-3.1901830783994343,55.94575549311882,null
60,-3.1901830783994343,55.94575549311882,240,-3.1903330783994344,55.94549568549768,jump.crop.fits
61,-3.1903330783994344,55.94549568549768,170,-3.190628520725338,55.945547779950985,null
62,-3.190628520725338,55.945547779950985,180,-3.1909285207253384,55.945547779950985,null
63,-3.1909285207253384,55.945547779950985,170,-3.1912239630512422,55.94559987440429,skins.engage.best
64,-3.1912239630512422,55.94559987440429,80,-3.191171868597942,55.945895316730194,simple.rust.audio
65,-3.191171868597942,55.945895316730194,240,-3.1913218685979423,55.94563550910906,null
66,-3.1913218685979423,55.94563550910906,240,-3.1914718685979424,55.945375701487926,null
67,-3.1914718685979424,55.945375701487926,240,-3.1916218685979425,55.94511589386679,hills.feels.tunes
68,-3.1916218685979425,55.94511589386679,0,-3.1913218685979423,55.94511589386679,null
69,-3.1913218685979423,55.94511589386679,0,-3.191021868597942,55.94511589386679,null
70,-3.191021868597942,55.94511589386679,0,-3.190721868597942,55.94511589386679,null
71,-3.190721868597942,55.94511589386679,0,-3.1904218685979417,55.94511589386679,null
72,-3.1904218685979417,55.94511589386679,10,-3.190126426272038,55.945167988320094,null
73,-3.190126426272038,55.945167988320094,0,-3.1898264262720377,55.945167988320094,null
74,-3.1898264262720377,55.945167988320094,10,-3.189530983946134,55.945220082773396,null
75,-3.189530983946134,55.945220082773396,0,-3.1892309839461337,55.945220082773396,null
76,-3.1892309839461337,55.945220082773396,10,-3.18893554162023,55.9452721772267,null
77,-3.18893554162023,55.9452721772267,0,-3.1886355416202297,55.9452721772267,null
78,-3.1886355416202297,55.9452721772267,10,-3.188340099294326,55.94532427168,null
79,-3.188340099294326,55.94532427168,0,-3.1880400992943256,55.94532427168,null
80,-3.1880400992943256,55.94532427168,120,-3.1881900992943257,55.945584079301135,null
81,-3.1881900992943257,55.945584079301135,350,-3.187894656968422,55.94553198484783,null
82,-3.187894656968422,55.94553198484783,350,-3.187599214642518,55.94547989039453,null
83,-3.187599214642518,55.94547989039453,10,-3.187303772316614,55.94553198484783,null
84,-3.187303772316614,55.94553198484783,10,-3.1870083299907104,55.945584079301135,spent.spoon.bolt
85,-3.1870083299907104,55.945584079301135,300,-3.1868583299907103,55.94532427168,null
86,-3.1868583299907103,55.94532427168,310,-3.1866654937078045,55.945094458347064,dragon.bottle.crisp
87,-3.1866654937078045,55.945094458347064,60,-3.1865154937078044,55.9453542659682,null
88,-3.1865154937078044,55.9453542659682,60,-3.1863654937078043,55.94561407358933,posts.kicked.universally
89,-3.1863654937078043,55.94561407358933,40,-3.1861356803748686,55.94580690987224,null
90,-3.1861356803748686,55.94580690987224,30,-3.185875872753733,55.94595690987224,renew.slows.basket
91,-3.185875872753733,55.94595690987224,320,-3.1856460594207974,55.94576407358933,shed.desire.muddy
92,-3.1856460594207974,55.94576407358933,50,-3.1854532231378916,55.94599388692227,prime.rent.silk
93,-3.1854532231378916,55.94599388692227,210,-3.185713030759027,55.94584388692227,null
94,-3.185713030759027,55.94584388692227,210,-3.1859728383801627,55.94569388692227,null
95,-3.1859728383801627,55.94569388692227,220,-3.1862026517130984,55.945501050639365,null
96,-3.1862026517130984,55.945501050639365,210,-3.186462459334234,55.94535105063937,null
97,-3.186462459334234,55.94535105063937,220,-3.1866922726671696,55.94515821435646,null
98,-3.1866922726671696,55.94515821435646,300,-3.1865422726671695,55.94489840673533,null
99,-3.1865422726671695,55.94489840673533,230,-3.1867351089500753,55.94466859340239,null
100,-3.1867351089500753,55.94466859340239,190,-3.187030551275979,55.94461649894909,null
101,-3.187030551275979,55.94461649894909,200,-3.187312459062215,55.94451389290609,null
102,-3.187312459062215,55.94451389290609,190,-3.1876079013881187,55.944461798452785,null
