1,-3.188396,55.944425,340,-3.1881140922137643,55.944322393957,null
2,-3.1881140922137643,55.944322393957,340,-3.1878321844275286,55.944219787914,null
3,-3.1878321844275286,55.944219787914,340,-3.187550276641293,55.944117181871,bound.ends.matter
4,-3.187550276641293,55.944117181871,280,-3.187498182187993,55.94382173954509,begins.spider.drips
5,-3.187498182187993,55.94382173954509,210,-3.1877579898091284,55.943671739545096,null
6,-3.1877579898091284,55.943671739545096,220,-3.187987803142064,55.94347890326219,scare.cubs.resort
7,-3.187987803142064,55.94347890326219,290,-3.1878851970990665,55.94319699547595,null
8,-3.1878851970990665,55.94319699547595,290,-3.187782591056069,55.94291508768971,panic.squad.danger
9,-3.187782591056069,55.94291508768971,0,-3.1874825910560687,55.94291508768971,null
10,-3.1874825910560687,55.94291508768971,0,-3.1871825910560685,55.94291508768971,valve.elaborate.fortunate
11,-3.1871825910560685,55.94291508768971,10,-3.1868871487301647,55.942967182143015,null
12,-3.1868871487301647,55.942967182143015,0,-3.1865871487301645,55.942967182143015,null
13,-3.1865871487301645,55.942967182143015,10,-3.1862917064042606,55.94301927659632,null
14,-3.1862917064042606,55.94301927659632,0,-3.1859917064042604,55.94301927659632,null
15,-3.1859917064042604,55.94301927659632,10,-3.1856962640783566,55.94307137104962,toned.deflection.bland
16,-3.1856962640783566,55.94307137104962,40,-3.185466450745421,55.943264207332525,null
17,-3.185466450745421,55.943264207332525,40,-3.185236637412485,55.94345704361543,null
18,-3.185236637412485,55.94345704361543,40,-3.1850068240795495,55.94364987989834,null
19,-3.1850068240795495,55.94364987989834,30,-3.184747016458414,55.943799879898336,rider.mile.lime
20,-3.184747016458414,55.943799879898336,100,-3.184799110911714,55.94409532222424,null
21,-3.184799110911714,55.94409532222424,100,-3.184851205365014,55.94439076455015,null
22,-3.184851205365014,55.94439076455015,100,-3.184903299818314,55.94468620687606,slide.leads.stores
23,-3.184903299818314,55.94468620687606,30,-3.1846434921971785,55.944836206876055,null
24,-3.1846434921971785,55.944836206876055,30,-3.184383684576043,55.94498620687605,sports.topic.clocks
25,-3.184383684576043,55.94498620687605,110,-3.1844862906190405,55.94526811466229,settle.title.united
26,-3.1844862906190405,55.94526811466229,150,-3.184746098240176,55.94541811466229,null
27,-3.184746098240176,55.94541811466229,150,-3.1850059058613116,55.94556811466229,null
28,-3.1850059058613116,55.94556811466229,150,-3.185265713482447,55.945718114662284,null
29,-3.185265713482447,55.945718114662284,150,-3.1855255211035827,55.94586811466228,null
30,-3.1855255211035827,55.94586811466228,150,-3.185785328724718,55.94601811466228,renew.slows.basket
31,-3.185785328724718,55.94601811466228,210,-3.1860451363458537,55.94586811466228,null
32,-3.1860451363458537,55.94586811466228,200,-3.1863270441320894,55.94576550861928,posts.kicked.universally
33,-3.1863270441320894,55.94576550861928,210,-3.186586851753225,55.945615508619284,null
34,-3.186586851753225,55.945615508619284,210,-3.1868466593743605,55.945465508619286,spent.spoon.bolt
35,-3.1868466593743605,55.945465508619286,290,-3.186744053331363,55.94518360083305,dragon.bottle.crisp
36,-3.186744053331363,55.94518360083305,300,-3.186594053331363,55.94492379321191,null
37,-3.186594053331363,55.94492379321191,310,-3.186401217048457,55.94469397987898,rated.fired.crowds
38,-3.186401217048457,55.94469397987898,340,-3.1861193092622213,55.944591373835976,null
39,-3.1861193092622213,55.944591373835976,330,-3.185859501641086,55.94444137383598,null
40,-3.185859501641086,55.94444137383598,340,-3.18557759385485,55.94433876779298,atoms.vanish.foods
41,-3.18557759385485,55.94433876779298,170,-3.185873036180754,55.94439086224628,null
42,-3.185873036180754,55.94439086224628,180,-3.186173036180754,55.94439086224628,null
43,-3.186173036180754,55.94439086224628,140,-3.18640284951369,55.944583698529186,null
44,-3.18640284951369,55.944583698529186,170,-3.1866982918395936,55.94463579298249,null
45,-3.1866982918395936,55.94463579298249,190,-3.1869937341654975,55.944583698529186,null
46,-3.1869937341654975,55.944583698529186,200,-3.187275641951733,55.944481092486186,only.fairly.rift
47,-3.187275641951733,55.944481092486186,160,-3.187557549737969,55.944583698529186,null
48,-3.187557549737969,55.944583698529186,190,-3.1878529920638727,55.944531604075884,null
49,-3.1878529920638727,55.944531604075884,140,-3.1880828053968084,55.94472444035879,null
50,-3.1880828053968084,55.94472444035879,140,-3.188312618729744,55.944917276641696,null
51,-3.188312618729744,55.944917276641696,150,-3.1885724263508797,55.945067276641694,rooms.lamp.teach
52,-3.1885724263508797,55.945067276641694,120,-3.1887224263508798,55.94532708426283,null
53,-3.1887224263508798,55.94532708426283,110,-3.1888250323938774,55.94560899204907,stops.else.chats
54,-3.1888250323938774,55.94560899204907,180,-3.1891250323938776,55.94560899204907,null
55,-3.1891250323938776,55.94560899204907,170,-3.1894204747197814,55.94566108650237,museum.spicy.horns
56,-3.1894204747197814,55.94566108650237,10,-3.1891250323938776,55.94571318095567,null
57,-3.1891250323938776,55.94571318095567,0,-3.1888250323938774,55.94571318095567,null
58,-3.1888250323938774,55.94571318095567,10,-3.1885295900679735,55.945765275408974,bend.tubes.chops
59,-3.1885295900679735,55.945765275408974,260,-3.1885816845212736,55.94546983308307,null
60,-3.1885816845212736,55.94546983308307,260,-3.1886337789745736,55.94517439075716,null
61,-3.1886337789745736,55.94517439075716,260,-3.1886858734278736,55.94487894843125,null
62,-3.1886858734278736,55.94487894843125,260,-3.1887379678811736,55.944583506105346,null
63,-3.1887379678811736,55.944583506105346,260,-3.1887900623344736,55.94428806377944,null
64,-3.1887900623344736,55.94428806377944,260,-3.1888421567877736,55.94399262145353,null
65,-3.1888421567877736,55.94399262145353,270,-3.1888421567877736,55.94369262145353,labels.hotels.alert
66,-3.1888421567877736,55.94369262145353,190,-3.1891375991136774,55.94364052700023,null
67,-3.1891375991136774,55.94364052700023,190,-3.1894330414395813,55.943588432546925,cars.attend.hotels
68,-3.1894330414395813,55.943588432546925,290,-3.1893304353965837,55.943306524760686,null
69,-3.1893304353965837,55.943306524760686,290,-3.189227829353586,55.94302461697445,region.passes.pencil
70,-3.189227829353586,55.94302461697445,190,-3.18952327167949,55.942972522521146,null
71,-3.18952327167949,55.942972522521146,190,-3.1898187140053937,55.94292042806784,second.launch.miles
72,-3.1898187140053937,55.94292042806784,130,-3.1900115502882995,55.94315024140078,null
73,-3.1900115502882995,55.94315024140078,120,-3.1901615502882996,55.943410049021914,arts.dish.scarcely
74,-3.1901615502882996,55.943410049021914,110,-3.1902641563312972,55.94369195680815,sculpture.shot.melon
75,-3.1902641563312972,55.94369195680815,120,-3.1904141563312973,55.943951764429286,pump.wheels.hulk
76,-3.1904141563312973,55.943951764429286,180,-3.1907141563312975,55.943951764429286,null
77,-3.1907141563312975,55.943951764429286,190,-3.1910095986572014,55.943899669975984,spicy.bunch.shady
78,-3.1910095986572014,55.943899669975984,250,-3.191112204700199,55.943617762189746,loaf.cheer.slave
79,-3.191112204700199,55.943617762189746,310,-3.190919368417293,55.94338794885681,null
80,-3.190919368417293,55.94338794885681,300,-3.190769368417293,55.943128141235675,relate.chill.vest
81,-3.190769368417293,55.943128141235675,100,-3.190821462870593,55.94342358356158,null
82,-3.190821462870593,55.94342358356158,100,-3.190873557323893,55.94371902588749,null
83,-3.190873557323893,55.94371902588749,100,-3.190925651777193,55.944014468213396,null
84,-3.190925651777193,55.944014468213396,100,-3.190977746230493,55.9443099105393,null
85,-3.190977746230493,55.9443099105393,90,-3.190977746230493,55.944609910539306,null
86,-3.190977746230493,55.944609910539306,100,-3.191029840683793,55.94490535286521,shapes.sheep.nature
87,-3.191029840683793,55.94490535286521,100,-3.191081935137093,55.94520079519112,null
88,-3.191081935137093,55.94520079519112,100,-3.191134029590393,55.94549623751703,null
89,-3.191134029590393,55.94549623751703,90,-3.191134029590393,55.94579623751703,simple.rust.audio
90,-3.191134029590393,55.94579623751703,330,-3.1908742219692576,55.94564623751703,null
91,-3.1908742219692576,55.94564623751703,330,-3.190614414348122,55.945496237517034,null
92,-3.190614414348122,55.945496237517034,330,-3.1903546067269866,55.945346237517036,null
93,-3.1903546067269866,55.945346237517036,330,-3.190094799105851,55.94519623751704,null
94,-3.190094799105851,55.94519623751704,340,-3.1898128913196153,55.94509363147404,null
95,-3.1898128913196153,55.94509363147404,330,-3.18955308369848,55.94494363147404,null
96,-3.18955308369848,55.94494363147404,340,-3.189271175912244,55.94484102543104,null
97,-3.189271175912244,55.94484102543104,330,-3.1890113682911085,55.94469102543104,null
98,-3.1890113682911085,55.94469102543104,340,-3.188729460504873,55.94458841938804,null
99,-3.188729460504873,55.94458841938804,330,-3.1884696528837373,55.94443841938804,null
