1,-3.1878,55.9434,350,-3.1875045576740964,55.943347905546695,null
2,-3.1875045576740964,55.943347905546695,0,-3.187204557674096,55.943347905546695,scale.chair.kinds
3,-3.187204557674096,55.943347905546695,290,-3.1871019516310986,55.943065997760456,null
4,-3.1871019516310986,55.943065997760456,290,-3.186999345588101,55.94278408997422,valve.elaborate.fortunate
5,-3.186999345588101,55.94278408997422,10,-3.186703903262197,55.94283618442752,null
6,-3.186703903262197,55.94283618442752,20,-3.1864219954759614,55.94293879047052,hers.banks.goat
7,-3.1864219954759614,55.94293879047052,0,-3.186121995475961,55.94293879047052,null
8,-3.186121995475961,55.94293879047052,350,-3.1858265531500574,55.94288669601722,null
9,-3.1858265531500574,55.94288669601722,0,-3.185526553150057,55.94288669601722,dent.shins.cycle
10,-3.185526553150057,55.94288669601722,20,-3.1852446453638215,55.94298930206022,null
11,-3.1852446453638215,55.94298930206022,20,-3.1849627375775857,55.94309190810322,brings.remedy.latter
12,-3.1849627375775857,55.94309190810322,340,-3.18468082979135,55.94298930206022,courier.assume.bill
13,-3.18468082979135,55.94298930206022,120,-3.18483082979135,55.943249109681354,null
14,-3.18483082979135,55.943249109681354,120,-3.18498082979135,55.94350891730249,sentences.sings.modern
15,-3.18498082979135,55.94350891730249,130,-3.185173666074256,55.943738730635424,hello.love.keys
16,-3.185173666074256,55.943738730635424,130,-3.185366502357162,55.94396854396836,null
17,-3.185366502357162,55.94396854396836,130,-3.1855593386400676,55.944198357301296,atoms.vanish.foods
18,-3.1855593386400676,55.944198357301296,50,-3.185366502357162,55.94442817063423,acid.chair.butter
19,-3.185366502357162,55.94442817063423,30,-3.1851066947360263,55.94457817063423,null
20,-3.1851066947360263,55.94457817063423,40,-3.1848768814030906,55.944771006917136,slide.leads.stores
21,-3.1848768814030906,55.944771006917136,60,-3.1847268814030905,55.94503081453827,null
22,-3.1847268814030905,55.94503081453827,50,-3.1845340451201847,55.94526062787121,settle.title.united
23,-3.1845340451201847,55.94526062787121,220,-3.1847638584531204,55.9450677915883,null
24,-3.1847638584531204,55.9450677915883,220,-3.184993671786056,55.944874955305394,null
25,-3.184993671786056,55.944874955305394,220,-3.185223485118992,55.94468211902249,null
26,-3.185223485118992,55.94468211902249,220,-3.1854532984519275,55.94448928273958,null
27,-3.1854532984519275,55.94448928273958,230,-3.1856461347348333,55.944259469406646,null
28,-3.1856461347348333,55.944259469406646,220,-3.185875948067769,55.94406663312374,null
29,-3.185875948067769,55.94406663312374,230,-3.1860687843506748,55.9438368197908,teams.mild.played
30,-3.1860687843506748,55.9438368197908,150,-3.1863285919718103,55.9439868197908,null
31,-3.1863285919718103,55.9439868197908,160,-3.186610499758046,55.9440894258338,lime.learns.front
32,-3.186610499758046,55.9440894258338,190,-3.18690594208395,55.9440373313805,null
33,-3.18690594208395,55.9440373313805,140,-3.1871357554168855,55.944230167663406,null
34,-3.1871357554168855,55.944230167663406,100,-3.1871878498701856,55.94452560998931,null
35,-3.1871878498701856,55.94452560998931,10,-3.1868924075442817,55.944577704442615,artist.gets.react
36,-3.1868924075442817,55.944577704442615,80,-3.1868403130909817,55.94487314676852,null
37,-3.1868403130909817,55.94487314676852,310,-3.186647476808076,55.944643333435586,null
38,-3.186647476808076,55.944643333435586,70,-3.1865448707650783,55.944925241221824,null
39,-3.1865448707650783,55.944925241221824,130,-3.186737707047984,55.94515505455476,dragon.bottle.crisp
40,-3.186737707047984,55.94515505455476,130,-3.18693054333089,55.9453848678877,null
41,-3.18693054333089,55.9453848678877,130,-3.1871233796137957,55.94561468122063,null
42,-3.1871233796137957,55.94561468122063,180,-3.187423379613796,55.94561468122063,null
43,-3.187423379613796,55.94561468122063,190,-3.1877188219396997,55.94556258676733,null
44,-3.1877188219396997,55.94556258676733,180,-3.1880188219397,55.94556258676733,null
45,-3.1880188219397,55.94556258676733,190,-3.1883142642656037,55.94551049231403,skills.less.herb
46,-3.1883142642656037,55.94551049231403,120,-3.188464264265604,55.94577029993516,bend.tubes.chops
47,-3.188464264265604,55.94577029993516,110,-3.1885668703086014,55.9460522077214,boost.radar.stress
48,-3.1885668703086014,55.9460522077214,270,-3.1885668703086014,55.9457522077214,null
49,-3.1885668703086014,55.9457522077214,280,-3.1885147758553014,55.94545676539549,null
50,-3.1885147758553014,55.94545676539549,270,-3.1885147758553014,55.94515676539549,null
51,-3.1885147758553014,55.94515676539549,280,-3.1884626814020014,55.94486132306958,null
52,-3.1884626814020014,55.94486132306958,270,-3.1884626814020014,55.94456132306958,null
53,-3.1884626814020014,55.94456132306958,280,-3.1884105869487014,55.94426588074367,trades.rare.cable
54,-3.1884105869487014,55.94426588074367,230,-3.188603423231607,55.944036067410735,null
55,-3.188603423231607,55.944036067410735,240,-3.1887534232316073,55.9437762597896,labels.hotels.alert
56,-3.1887534232316073,55.9437762597896,280,-3.1887013287783073,55.943480817463694,system.speak.guard
57,-3.1887013287783073,55.943480817463694,220,-3.188931142111243,55.94328798118079,null
58,-3.188931142111243,55.94328798118079,220,-3.1891609554441787,55.94309514489788,region.passes.pencil
59,-3.1891609554441787,55.94309514489788,130,-3.1893537917270844,55.94332495823082,null
60,-3.1893537917270844,55.94332495823082,130,-3.1895466280099902,55.943554771563754,cars.attend.hotels
61,-3.1895466280099902,55.943554771563754,120,-3.1896966280099903,55.94381457918489,null
62,-3.1896966280099903,55.94381457918489,110,-3.189799234052988,55.94409648697113,cliff.asleep.wedge
63,-3.189799234052988,55.94409648697113,240,-3.189949234052988,55.94383667934999,null
64,-3.189949234052988,55.94383667934999,240,-3.190099234052988,55.94357687172886,arts.dish.scarcely
65,-3.190099234052988,55.94357687172886,290,-3.1899966280099905,55.94329496394262,null
66,-3.1899966280099905,55.94329496394262,280,-3.1899445335566905,55.94299952161671,second.launch.miles
67,-3.1899445335566905,55.94299952161671,300,-3.1897945335566904,55.94273971399558,hooked.shine.third
68,-3.1897945335566904,55.94273971399558,170,-3.1900899758825942,55.94279180844888,null
69,-3.1900899758825942,55.94279180844888,180,-3.1903899758825944,55.94279180844888,tonic.bliss.cove
70,-3.1903899758825944,55.94279180844888,110,-3.190492581925592,55.94307371623512,null
71,-3.190492581925592,55.94307371623512,110,-3.1905951879685897,55.94335562402136,null
72,-3.1905951879685897,55.94335562402136,100,-3.1906472824218897,55.943651066347265,null
73,-3.1906472824218897,55.943651066347265,110,-3.1907498884648873,55.9439329741335,null
74,-3.1907498884648873,55.9439329741335,100,-3.1908019829181873,55.94422841645941,null
75,-3.1908019829181873,55.94422841645941,110,-3.190904588961185,55.94451032424565,null
76,-3.190904588961185,55.94451032424565,100,-3.190956683414485,55.944805766571555,shapes.sheep.nature
77,-3.190956683414485,55.944805766571555,100,-3.191008777867785,55.94510120889746,null
78,-3.191008777867785,55.94510120889746,100,-3.191060872321085,55.94539665122337,null
79,-3.191060872321085,55.94539665122337,100,-3.191112966774385,55.945692093549276,null
80,-3.191112966774385,55.945692093549276,100,-3.191165061227685,55.94598753587518,simple.rust.audio
81,-3.191165061227685,55.94598753587518,180,-3.191465061227685,55.94598753587518,null
82,-3.191465061227685,55.94598753587518,180,-3.1917650612276853,55.94598753587518,stone.undulation.poems
83,-3.1917650612276853,55.94598753587518,340,-3.1914831534414496,55.94588492983218,null
84,-3.1914831534414496,55.94588492983218,340,-3.191201245655214,55.94578232378918,null
85,-3.191201245655214,55.94578232378918,340,-3.190919337868978,55.94567971774618,null
86,-3.190919337868978,55.94567971774618,330,-3.1906595302478427,55.94552971774618,null
87,-3.1906595302478427,55.94552971774618,340,-3.190377622461607,55.94542711170318,null
88,-3.190377622461607,55.94542711170318,330,-3.1901178148404714,55.945277111703184,null
89,-3.1901178148404714,55.945277111703184,340,-3.1898359070542357,55.945174505660184,null
90,-3.1898359070542357,55.945174505660184,330,-3.1895760994331,55.945024505660186,null
91,-3.1895760994331,55.945024505660186,340,-3.1892941916468645,55.944921899617185,null
92,-3.1892941916468645,55.944921899617185,330,-3.189034384025729,55.94477189961719,null
93,-3.189034384025729,55.94477189961719,340,-3.188752476239493,55.94466929357419,null
94,-3.188752476239493,55.94466929357419,330,-3.1884926686183577,55.94451929357419,null
95,-3.1884926686183577,55.94451929357419,340,-3.188210760832122,55.94441668753119,null
96,-3.188210760832122,55.94441668753119,330,-3.1879509532109864,55.94426668753119,null
97,-3.1879509532109864,55.94426668753119,340,-3.1876690454247507,55.94416408148819,bound.ends.matter
98,-3.1876690454247507,55.94416408148819,260,-3.1877211398780507,55.94386863916228,null
99,-3.1877211398780507,55.94386863916228,260,-3.1877732343313507,55.943573196836375,
